100
350
55 84 14
84 78 10
18 15 2
95 94 8
15 19 14
21 22 5
12 22 4
28 45 13
51 23 5
94 82 9
99 83 5
30 43 14
87 78 5
30 44 4
88 83 9
77 75 5
85 82 8
47 36 14
29 18 8
17 52 13
72 57 4
89 68 3
25 49 11
93 70 7
16 45 2
85 73 4
91 98 2
27 54 7
10 14 5
65 68 10
31 32 8
10 38 11
32 50 14
96 81 12
19 28 4
72 95 7
85 85 8
22 41 8
12 51 6
85 62 5
25 27 14
70 76 11
88 60 7
100 95 8
80 61 14
57 78 2
99 57 9
79 82 5
70 55 14
4 41 12
20 52 14
59 88 8
2 52 6
88 75 8
9 12 9
4 21 12
35 50 3
38 12 11
96 82 6
72 83 14
32 13 6
26 53 1
42 54 2
94 76 11
94 89 13
49 52 5
25 32 8
44 14 9
59 69 6
40 24 3
34 55 2
86 91 1
44 41 9
79 66 3
21 25 4
36 5 5
17 30 8
33 5 8
94 66 7
24 22 13
91 71 8
8 12 2
26 2 8
61 65 4
95 79 6
32 48 4
14 5 12
63 65 14
17 48 2
82 55 13
27 44 7
64 87 11
89 93 7
72 88 6
87 60 11
64 79 12
51 32 7
5 1 14
35 17 14
52 53 3
55 76 14
33 13 4
18 35 6
63 73 4
23 17 6
78 63 11
94 56 1
88 97 2
92 91 1
60 77 13
31 20 5
55 37 8
23 3 14
51 16 9
30 31 13
39 39 6
36 25 14
35 52 10
99 65 8
93 69 11
100 62 3
21 46 7
23 55 12
29 51 14
94 65 13
88 67 7
10 30 14
8 52 5
37 28 8
39 55 12
19 34 11
22 54 12
97 74 14
92 69 13
30 3 6
34 25 14
7 34 9
66 59 13
64 88 11
60 85 12
16 53 11
1 19 8
45 14 11
91 63 7
43 40 1
92 76 12
81 79 3
75 84 1
59 100 12
86 87 11
75 96 5
77 100 6
93 66 13
58 56 13
65 71 10
72 56 4
83 83 4
76 97 1
99 55 3
18 22 1
6 53 4
96 62 8
75 66 9
33 53 1
21 27 9
53 45 14
46 49 1
37 16 9
42 55 8
48 4 11
81 65 9
59 60 11
47 29 6
72 75 1
40 1 13
21 53 3
81 70 2
95 76 2
63 84 2
97 81 6
46 50 13
53 7 12
84 58 7
26 34 8
61 72 5
68 98 8
65 92 3
7 5 5
50 54 12
14 28 1
72 63 2
30 13 3
86 94 4
20 39 3
21 8 3
72 82 11
86 65 12
74 64 13
68 90 7
40 36 3
21 52 12
37 8 1
58 63 12
24 26 6
32 46 1
38 5 3
80 57 10
32 34 1
84 84 6
30 7 13
71 81 3
49 51 4
82 91 4
94 83 5
60 74 5
35 9 13
73 62 6
43 8 10
17 14 8
44 19 7
55 54 8
64 81 6
75 68 8
38 20 6
87 88 4
84 60 6
84 81 5
100 67 3
13 2 7
74 87 5
41 45 11
72 90 5
92 58 5
32 11 4
4 14 12
73 68 9
84 91 3
77 84 6
81 76 11
73 95 7
55 71 1
89 83 2
45 7 6
65 93 10
9 23 3
41 39 3
45 18 4
99 85 10
4 49 4
11 39 4
81 67 13
63 61 2
50 11 12
74 78 10
84 71 10
63 80 13
76 78 3
100 91 11
48 41 11
49 5 1
32 2 9
1 18 8
74 58 10
30 15 10
49 45 12
94 71 5
55 12 1
96 70 6
62 95 11
12 16 9
5 16 11
1 12 11
74 73 11
56 70 14
54 8 5
66 84 8
31 45 3
28 27 10
61 71 3
71 90 3
83 78 11
59 80 11
74 94 3
49 31 6
52 6 6
11 21 6
29 5 4
17 31 9
21 19 12
78 67 9
46 29 2
96 65 14
37 21 8
95 64 14
99 62 8
71 69 14
99 96 2
98 85 5
80 84 8
85 55 4
63 75 5
29 43 1
12 25 5
2 3 14
60 76 5
23 48 11
100 85 6
25 31 1
15 44 13
4 44 12
76 67 13
46 16 10
66 72 9
38 13 11
82 97 2
79 90 3
66 66 10
12 43 7
7 2 8
21 48 8
39 21 11
47 55 10
14 37 8
33 48 9
8 47 12
2 46 3
1 52 9
58 86 11
86 59 12
27 4 5
71 56 1
39 15 14
11 22 12
16 10 5
51 10 4
32 39 1
64 90 14
7 44 11
30 25 6
78 59 1
83 56 4
66 80 8
20 46 3
58 95 11
51 44 12
61 98 2
13 11 2
34 46 9
40 16 13
68 80 4
15
77 10
67 57
96 81
35 78
68 79
76 94
81 9
32 66
59 85
43 24
63 74
73 54
59 28
97 49
14 32
