1000
5060
863 945 14
968 939 10
63 240 2
704 767 8
220 144 14
601 497 5
217 392 4
388 610 13
511 183 5
809 854 9
915 717 5
130 18 14
672 902 5
490 284 4
876 706 9
820 874 5
954 786 8
482 401 14
304 593 8
247 502 13
731 699 4
885 923 3
570 54 11
773 870 7
156 45 2
837 893 4
800 845 2
537 459 7
265 444 5
965 787 10
31 377 8
150 323 11
287 575 14
911 807 12
399 538 4
672 967 7
937 766 8
532 561 8
152 156 6
686 807 5
410 42 14
951 861 11
851 676 7
674 915 8
696 852 14
792 854 2
781 789 9
940 776 5
837 954 14
319 296 12
480 387 14
745 886 8
252 442 6
815 741 8
219 582 9
244 331 12
215 615 3
528 457 11
700 772 6
915 774 14
472 478 6
566 188 1
532 439 2
758 867 11
790 702 13
494 292 5
60 507 8
214 364 9
882 814 6
45 209 3
589 10 2
819 845 1
504 471 9
948 902 3
256 345 4
176 520 5
427 580 8
303 475 8
762 892 7
649 382 13
659 300 8
910 831 2
163 312 8
606 592 4
945 741 6
696 787 4
187 143 12
696 993 14
209 445 2
866 700 13
27 93 7
950 839 11
362 414 7
855 773 6
943 717 11
721 744 12
849 869 7
733 896 14
306 207 14
325 61 3
55 87 14
437 328 4
988 817 6
458 653 4
563 40 6
918 990 11
558 257 1
817 900 2
915 857 1
767 933 13
980 804 5
791 817 8
772 804 14
181 155 9
510 47 13
934 925 6
503 143 14
246 556 10
340 281 8
639 114 11
11 125 3
490 122 7
844 993 12
914 951 14
980 875 13
531 146 7
253 330 14
584 576 5
877 925 8
794 837 12
260 575 11
223 77 12
562 33 14
279 180 13
469 499 6
387 359 14
717 933 9
979 747 13
85 58 11
599 330 12
237 589 11
899 672 8
745 752 11
910 763 7
196 143 1
326 529 12
811 934 3
185 302 1
25 69 12
797 681 11
473 585 5
743 851 6
772 924 13
873 833 13
956 858 10
673 872 4
1000 680 4
926 765 1
929 908 3
881 704 1
912 979 4
988 719 8
735 822 9
894 692 1
815 978 9
52 520 14
593 352 1
211 618 9
785 829 8
821 710 11
168 398 9
451 657 11
648 25 6
6 579 1
657 651 13
117 385 3
403 659 2
849 711 2
942 826 2
2 194 6
972 840 13
285 176 12
171 153 7
916 888 8
815 963 5
691 824 8
875 674 3
601 485 5
228 567 12
390 568 1
908 701 2
666 574 3
922 717 4
729 963 3
762 777 3
622 510 11
640 409 12
646 339 13
214 248 7
732 779 3
620 648 12
925 798 1
525 644 12
766 776 6
431 3 1
747 692 3
872 823 10
999 961 1
978 817 6
115 641 13
656 272 3
497 103 4
966 680 4
59 21 5
382 451 5
643 120 13
832 827 6
617 374 10
740 801 8
650 312 7
714 786 8
239 476 6
956 846 8
855 720 6
858 801 4
630 459 6
943 690 5
413 513 3
986 694 7
547 14 5
4 134 11
85 54 5
809 796 5
994 979 4
283 315 12
790 888 9
912 830 3
861 813 6
964 796 11
558 47 7
973 750 1
141 135 2
971 849 6
918 840 10
292 136 3
19 74 3
699 821 4
706 679 10
998 971 4
983 835 4
997 807 13
747 672 2
671 972 12
600 332 10
5 623 10
931 845 13
675 872 3
164 528 11
291 134 11
270 83 1
899 882 9
745 957 8
614 469 10
271 399 10
930 744 12
951 672 5
881 675 1
445 456 6
716 873 11
775 671 9
997 901 11
692 976 11
719 936 11
158 621 14
649 435 5
422 247 8
166 163 3
873 675 10
631 177 3
290 300 3
349 670 11
767 838 11
340 207 3
899 933 6
780 865 6
342 446 6
360 611 4
1 92 9
848 993 12
923 704 9
184 373 2
972 930 14
6 165 8
613 552 14
975 957 8
704 687 14
931 702 2
874 673 5
823 851 8
818 771 4
73 342 5
294 91 1
372 96 5
656 391 14
634 255 5
317 441 11
446 559 6
702 926 1
41 379 13
800 895 12
592 301 13
787 793 10
958 860 9
746 944 11
712 977 2
966 821 3
904 949 10
874 979 7
845 732 8
54 258 8
627 180 11
552 108 10
687 810 8
43 328 9
939 927 12
345 326 3
586 327 9
45 109 11
274 99 12
862 835 5
446 461 1
727 682 14
98 273 12
884 784 5
999 720 4
758 926 1
362 163 14
92 207 11
71 163 6
20 408 1
544 536 4
612 175 8
434 272 3
158 168 11
987 691 12
608 507 2
662 551 2
406 642 9
694 978 13
816 890 4
27 639 2
809 710 3
255 25 14
935 825 5
379 390 13
501 327 2
201 670 5
416 405 13
167 344 6
749 755 6
82 294 1
620 280 6
917 853 6
974 785 13
722 910 9
170 266 6
698 807 14
81 564 13
949 853 3
208 491 7
996 783 10
534 521 9
255 546 14
353 215 7
754 721 2
630 249 7
934 899 8
747 907 9
67 142 7
797 713 2
875 708 4
807 725 3
734 804 13
842 808 1
736 890 14
634 508 11
556 474 10
811 869 3
713 671 9
41 414 2
813 673 7
80 290 11
411 203 4
300 301 11
720 779 3
267 254 8
891 911 14
976 720 3
965 763 1
476 471 6
691 702 5
122 148 4
917 819 11
694 933 9
249 625 2
650 573 7
733 906 3
644 444 5
832 843 12
817 977 8
929 998 13
637 46 4
964 854 2
755 877 11
921 815 10
865 886 9
783 950 14
625 80 7
814 959 4
782 773 6
969 701 8
857 742 12
712 704 10
715 787 6
981 707 4
360 41 2
825 682 14
988 952 11
697 765 7
909 878 14
766 844 10
599 508 1
496 93 2
716 785 6
897 765 6
129 255 2
527 288 11
8 275 6
878 827 7
125 525 7
799 829 1
28 213 14
950 849 13
763 895 5
693 792 14
532 366 1
857 779 5
113 582 1
506 184 8
612 660 1
944 820 4
611 257 5
234 64 10
620 421 6
279 536 14
778 713 4
710 900 7
90 543 11
992 858 9
693 672 8
464 509 7
707 860 4
737 772 12
609 666 7
63 626 3
107 140 6
843 732 2
851 849 12
30 365 12
437 581 5
814 978 7
938 682 3
363 173 6
320 111 7
843 741 4
268 632 9
819 851 3
35 282 2
926 922 13
816 762 11
708 907 2
644 107 5
344 152 8
693 983 12
902 825 3
583 446 8
838 946 11
713 836 8
767 761 7
992 907 12
110 224 13
806 815 4
877 711 4
89 345 13
351 209 14
149 473 9
704 824 5
496 390 13
377 399 3
984 953 7
797 697 2
208 463 7
287 83 2
838 735 9
835 716 6
874 750 8
132 437 6
274 496 11
199 428 2
731 922 3
582 585 8
721 826 3
993 992 8
998 915 13
287 45 6
922 952 13
531 597 3
357 200 13
938 729 9
496 376 10
742 938 13
818 988 1
613 607 6
774 976 11
368 527 1
707 863 4
651 527 8
36 565 4
976 829 6
574 653 10
998 726 9
515 228 11
325 170 12
216 575 6
385 273 6
827 821 3
979 759 14
938 809 11
709 782 5
868 808 9
818 806 12
701 869 14
391 587 8
747 982 11
216 198 3
633 511 8
24 514 11
789 675 9
853 714 11
105 406 10
951 728 6
883 757 1
685 987 5
946 731 8
777 960 13
270 117 10
821 892 14
152 114 7
996 861 3
769 935 10
185 92 14
724 763 8
374 385 14
700 722 7
742 829 14
717 882 5
400 170 3
916 705 2
721 700 6
901 797 13
124 446 6
807 858 7
234 331 1
311 528 5
328 44 10
182 417 13
961 747 2
329 450 14
268 439 1
424 452 8
264 257 11
690 738 7
482 226 10
825 699 14
549 546 4
101 409 7
430 594 13
787 672 11
899 789 3
709 847 12
593 571 3
80 96 11
980 997 7
640 422 9
624 652 1
652 434 9
460 193 9
96 132 9
181 572 4
711 732 3
21 33 7
263 465 14
907 737 8
878 798 2
47 581 10
317 245 12
682 965 8
292 481 3
759 973 8
327 25 13
917 923 2
863 963 5
935 870 3
670 745 8
396 571 6
749 726 7
912 738 5
479 550 1
725 711 14
716 791 6
768 708 10
858 899 7
159 190 9
251 456 10
651 533 1
644 368 6
945 706 4
704 792 2
631 311 4
418 166 13
835 986 5
471 352 7
833 880 9
429 443 1
11 423 12
516 79 8
601 289 7
593 486 3
463 128 3
830 824 13
173 139 11
437 291 5
330 322 14
447 80 3
349 443 3
113 288 3
597 218 10
885 883 1
46 285 2
233 404 1
716 817 3
958 891 5
712 839 2
427 481 11
403 159 7
484 272 10
101 401 12
46 128 11
470 42 4
958 711 13
536 552 10
887 709 1
851 711 13
510 332 8
104 497 6
920 833 7
746 916 10
782 737 6
627 129 7
681 836 13
156 444 12
805 805 13
982 986 8
471 608 10
987 889 13
769 806 1
32 176 9
201 598 3
976 702 5
999 711 10
732 838 5
61 408 2
89 112 10
45 582 6
650 319 10
93 263 6
876 805 10
198 494 1
802 723 8
678 721 8
717 781 8
539 430 7
772 792 10
850 822 6
121 575 12
260 667 12
105 352 3
881 687 9
140 281 12
811 827 4
997 873 14
99 69 3
570 669 11
956 829 14
830 898 1
947 743 2
605 573 8
681 710 6
693 704 4
759 843 1
202 273 7
654 53 12
548 305 1
324 469 2
25 140 13
769 929 11
997 674 1
772 683 2
895 706 9
934 999 4
414 519 9
152 397 6
240 402 4
891 685 2
30 55 14
727 779 1
515 197 14
994 774 14
848 941 8
874 874 5
299 404 10
784 855 8
699 761 12
47 187 6
810 754 9
783 812 6
757 982 2
166 194 11
86 461 3
914 692 1
726 758 9
39 101 1
402 476 4
898 993 13
947 801 1
775 912 1
713 999 2
860 742 14
90 462 3
115 130 13
482 235 9
264 273 14
888 963 6
457 181 5
500 207 3
441 489 6
458 346 8
395 327 5
526 416 13
894 888 9
670 918 5
862 785 2
84 601 2
885 997 14
65 216 5
393 339 6
469 126 11
892 786 1
952 924 1
531 219 11
826 815 12
938 675 11
126 531 6
265 9 3
267 73 14
476 147 9
184 615 6
922 680 14
741 962 2
140 1 9
765 966 11
968 903 12
339 593 5
939 702 9
919 716 4
352 293 9
308 158 2
687 712 4
355 58 11
378 197 9
301 69 7
142 15 12
891 935 4
793 873 13
135 124 5
848 767 3
748 806 10
563 536 2
794 932 4
551 280 12
121 580 7
488 403 6
994 801 4
135 140 6
475 275 8
889 932 5
411 210 9
677 773 3
360 446 3
112 8 11
974 917 1
77 298 5
712 908 12
834 941 5
828 711 14
939 928 13
817 814 7
829 820 4
405 373 9
408 167 1
902 740 13
710 921 2
167 125 9
638 366 12
706 950 8
892 887 10
677 703 13
201 451 6
699 853 1
824 939 7
953 841 12
995 879 4
317 384 1
818 902 4
166 612 8
797 828 5
319 122 9
519 322 11
380 449 9
647 629 5
411 553 5
400 349 4
768 714 8
537 189 8
364 36 10
915 938 10
571 173 9
717 979 9
987 856 12
778 783 8
839 860 7
53 231 2
594 637 11
530 503 1
147 548 2
796 773 13
861 736 4
759 781 3
950 767 6
522 381 10
391 427 5
909 783 10
629 85 9
439 615 6
119 443 6
153 498 4
855 746 10
864 833 7
531 309 3
56 160 5
660 232 2
73 409 2
741 734 5
349 170 8
144 288 3
168 122 2
755 704 10
322 295 4
47 507 8
137 562 5
911 722 14
727 831 11
988 900 5
872 853 5
519 548 12
71 45 6
865 681 8
413 85 14
51 483 4
721 832 8
489 237 6
767 799 3
299 29 10
856 984 14
671 939 14
125 49 7
225 203 5
695 938 2
790 909 5
956 958 10
878 673 2
853 768 11
985 878 13
494 471 5
467 617 12
914 722 14
851 875 2
800 900 3
865 687 8
287 421 10
870 851 3
858 701 7
976 686 8
873 702 1
751 934 3
899 847 11
156 413 13
940 824 1
700 689 13
695 971 2
414 487 12
936 696 2
990 1000 4
921 872 10
55 486 9
384 183 7
115 338 2
492 517 3
930 935 4
826 960 3
692 937 6
737 872 13
293 233 1
623 608 5
691 689 12
601 58 9
364 172 12
538 345 5
391 52 6
588 224 5
428 612 8
706 947 10
555 427 13
50 379 9
423 396 7
771 753 13
345 371 10
925 955 1
335 311 8
784 1000 10
187 20 11
755 839 2
910 805 10
921 697 4
315 140 8
846 817 6
477 458 10
811 770 11
764 823 7
755 936 8
936 735 6
249 306 7
604 470 9
397 423 10
842 687 5
148 451 13
769 827 11
44 362 10
625 438 3
954 814 6
308 598 6
971 740 7
717 739 10
28 539 13
51 438 2
787 931 12
886 699 5
619 78 8
873 870 9
168 560 6
518 197 10
728 853 5
215 410 5
15 437 1
862 993 7
561 382 6
664 586 2
934 823 1
406 146 14
259 314 14
675 952 3
998 679 6
567 622 14
861 890 3
497 238 9
784 676 13
481 473 3
923 791 5
561 245 9
353 503 1
969 861 10
811 856 10
836 917 10
109 61 7
179 239 8
908 708 12
368 245 9
923 964 11
912 829 9
923 833 13
690 801 4
291 276 2
126 432 6
932 861 12
955 697 3
725 933 14
833 684 4
246 112 14
71 141 5
493 79 1
428 271 11
672 859 11
221 368 5
755 914 9
858 868 4
669 403 10
949 755 8
721 881 11
503 341 3
641 515 2
89 272 8
918 928 1
710 683 10
936 766 2
648 300 11
807 838 6
852 784 13
5 147 12
904 950 5
744 957 13
680 686 6
737 934 6
196 279 10
874 907 8
682 930 3
686 734 12
942 914 7
952 824 1
840 727 6
818 799 3
949 809 2
674 874 1
471 247 10
590 557 14
116 240 13
293 9 10
98 586 9
985 972 6
230 452 13
913 956 9
970 902 9
712 907 8
51 122 11
117 394 12
333 191 8
706 723 13
360 262 7
687 698 9
52 263 5
942 748 8
61 452 6
252 396 6
778 801 3
755 820 9
51 258 1
28 617 14
332 659 11
905 672 14
438 201 6
105 308 13
473 50 8
785 933 6
643 159 6
798 796 3
464 555 6
708 779 9
586 596 1
337 159 14
925 792 2
976 827 1
774 786 1
370 228 11
874 744 8
317 573 9
597 366 10
146 155 1
730 704 8
148 88 7
99 208 14
978 971 2
74 626 3
925 687 12
973 891 14
134 284 14
940 956 3
32 38 4
950 739 10
266 179 10
662 277 11
987 797 8
630 580 4
922 834 12
125 514 12
386 495 8
876 884 14
136 552 7
912 825 8
688 920 3
789 906 13
387 229 3
999 798 6
480 306 4
657 113 6
739 829 9
889 704 14
517 339 4
618 19 10
227 670 13
112 139 14
759 813 9
332 478 11
748 965 5
671 837 11
813 906 13
484 529 14
102 57 12
272 4 13
271 230 14
89 23 14
75 263 7
829 954 11
88 323 6
511 433 50
862 842 14
895 956 110
960 923 9
935 904 30
202 303 14
696 960 14
594 147 1
589 469 1400
880 898 9
716 884 13
523 137 11
648 239 5
978 924 2
845 856 1
828 917 4
891 941 4
291 161 11
211 79 7
921 772 140
804 818 1
717 863 5
800 812 7
840 787 13
800 961 90
22 113 11
910 678 120
557 400 3
20 610 7
621 380 3
904 954 140
760 670 2
689 798 120
912 968 5
728 765 4
262 495 3
451 78 7
832 780 3
123 335 5
866 885 2
297 438 6
437 203 2
882 894 6
762 805 8
758 863 9
715 923 14
789 900 3
167 337 6
131 460 13
386 259 2
904 757 9
27 321 10
17 73 13
126 303 5
232 445 6
141 602 11
544 215 2
355 381 8
163 193 12
865 700 3
677 932 12
291 637 13
51 653 6
230 460 3
930 754 8
954 996 3
50 35 8
360 71 3
19 233 6
136 537 13
512 599 3
968 805 2
969 874 11
747 972 7
722 901 8
980 853 9
534 456 2
454 498 11
437 516 6
259 651 11
23 174 3
45 309 14
384 389 2
813 834 9
499 548 10
781 863 4
801 768 13
362 67 2
771 683 7
182 443 7
996 676 13
599 510 7
954 810 7
873 953 13
761 707 9
148 466 8
853 948 6
32 159 4
539 666 8
574 530 14
589 286 12
863 818 12
320 601 7
766 972 12
598 34 10
538 181 11
867 793 1
867 695 5
911 801 11
966 909 11
182 308 9
956 844 5
168 98 6
739 708 7
984 960 14
390 144 7
702 787 10
652 116 3
28 217 11
69 472 6
639 653 7
697 930 14
880 706 3
832 773 2
752 754 1
95 588 5
989 718 11
703 794 1
300 407 12
547 475 13
750 966 8
150 278 5
772 868 14
67 506 2
246 182 6
30 276 6
628 652 9
802 862 3
282 151 6
206 379 6
284 573 13
344 52 13
910 955 3
38 35 10
823 822 7
160 662 8
691 806 1
362 203 13
791 959 3
848 762 14
877 860 6
870 901 4
273 14 11
698 953 13
903 773 2
885 684 11
200 129 2
379 190 1
226 622 14
750 719 12
832 919 14
121 528 11
985 793 9
165 130 6
768 909 6
544 378 10
670 976 9
93 132 8
863 855 10
546 490 5
465 80 13
75 552 12
703 844 10
880 973 14
362 371 6
362 596 10
525 654 8
984 672 8
43 368 2
896 725 3
990 777 14
244 145 3
777 948 1
675 826 4
930 982 4
762 766 5
873 875 2
258 82 11
888 706 7
152 641 11
449 576 8
155 150 7
94 593 7
688 696 5
13 477 2
532 577 1
659 210 4
99 149 3
920 762 1
200 9 11
990 805 11
586 294 8
908 835 14
770 852 3
785 676 8
780 711 10
203 498 12
832 943 12
981 863 11
570 443 5
231 131 13
468 46 7
933 842 5
525 551 7
902 724 14
108 268 13
44 152 6
764 862 7
880 842 4
382 301 5
574 531 6
553 10 7
506 545 2
831 772 5
932 673 2
59 265 12
146 308 1
673 799 7
763 677 7
715 763 2
953 815 8
659 259 14
912 880 13
866 711 14
759 971 11
707 679 14
815 864 13
955 865 2
486 342 12
69 7 11
541 666 1
35 82 8
776 861 11
190 156 14
147 35 3
16 186 9
673 754 4
650 258 10
793 835 10
105 136 1
93 358 11
856 756 8
671 861 5
151 17 14
681 849 2
381 212 5
872 925 1
762 983 12
940 775 12
789 723 3
113 119 10
340 174 7
684 825 7
251 116 14
361 455 8
505 165 5
164 269 1
618 505 1
687 763 6
448 106 7
55 570 10
788 939 6
408 570 9
752 702 7
221 510 8
650 344 9
935 784 14
704 885 13
784 900 5
339 254 11
877 980 14
61 8 5
781 769 12
212 404 7
823 678 11
705 765 3
164 586 2
919 729 7
884 843 13
942 812 12
881 688 6
60 103 4
133 591 4
917 843 2
261 533 9
692 696 4
594 50 2
817 723 10
513 159 1
29 483 6
943 753 7
813 702 13
779 989 14
842 903 6
575 310 7
675 827 1
690 856 8
730 672 9
70 498 9
773 868 14
855 808 10
18 617 14
103 324 9
904 901 4
822 984 9
664 59 13
673 676 10
745 737 6
539 168 14
926 1000 3
856 855 5
869 808 1
915 963 2
946 866 13
880 686 4
954 750 1
8 456 14
501 20 14
309 241 2
614 572 7
682 802 12
657 507 7
484 278 8
685 859 12
828 738 1
410 80 5
735 869 2
354 269 13
7 577 10
179 203 10
869 743 3
802 989 14
109 141 1
901 773 9
796 930 7
706 882 11
445 85 3
764 800 11
989 838 13
570 304 11
361 278 2
377 306 12
750 827 11
985 726 4
748 852 5
908 886 6
245 177 9
66 570 5
156 613 3
976 894 10
699 988 6
570 612 9
942 823 7
112 528 1
794 886 3
699 791 6
815 875 8
878 677 6
498 484 13
484 317 2
751 990 4
351 599 9
586 24 1
905 900 4
286 50 6
411 655 7
586 564 3
692 739 4
972 807 12
493 524 3
242 308 13
885 869 8
773 852 10
566 182 7
992 967 7
297 208 1
60 475 8
959 769 4
438 372 2
286 195 4
747 711 8
291 662 12
882 696 8
775 839 11
518 274 3
703 879 6
591 629 12
512 395 14
728 756 10
981 825 7
802 902 9
329 550 8
400 292 3
779 959 12
278 59 8
946 885 7
846 775 10
822 714 3
19 73 14
705 749 14
307 569 14
974 813 14
724 742 4
61 80 5
769 895 6
869 838 14
122 505 10
41 387 14
750 726 9
990 759 6
721 906 5
390 487 10
948 932 9
738 759 10
164 70 11
513 264 3
662 459 3
755 906 8
811 893 5
947 944 7
408 253 14
525 432 9
685 970 6
764 783 2
407 26 1
877 734 13
697 859 10
229 96 1
716 753 7
96 219 9
869 988 4
778 774 1
30 123 11
565 623 7
989 948 3
413 337 4
890 849 2
479 333 11
424 507 8
911 738 12
865 937 11
396 397 1
912 989 3
688 863 13
594 502 14
975 675 3
776 893 9
120 444 2
6 549 8
581 618 10
748 1000 9
464 274 9
385 578 13
76 424 14
390 347 8
685 909 2
130 31 13
255 150 9
904 805 8
402 417 11
952 921 13
779 693 8
222 661 7
840 739 3
364 490 4
267 246 4
690 932 5
814 911 13
161 386 5
311 117 1
56 458 11
925 930 1
845 911 2
776 748 2
734 967 7
380 551 14
756 773 3
423 568 3
816 854 5
866 807 9
759 912 14
46 488 10
272 483 14
487 632 7
132 406 8
266 115 9
996 888 3
60 623 12
814 930 14
985 795 11
476 31 13
884 782 4
673 844 12
703 990 10
23 330 10
882 765 2
503 252 6
964 874 6
806 685 5
587 27 13
994 690 11
734 902 4
968 905 9
237 363 5
178 67 10
782 958 11
789 993 13
682 956 12
312 32 8
195 300 14
648 427 6
950 979 5
670 946 6
655 58 8
453 587 1
940 847 11
314 150 7
299 168 11
783 995 2
385 3 8
519 332 8
166 475 3
990 904 12
544 207 14
708 893 12
777 832 13
802 701 4
48 544 10
789 703 13
172 216 2
214 64 14
12 230 14
44 80 5
566 623 1
157 245 2
788 986 14
665 610 11
856 932 14
681 721 10
239 269 3
380 482 5
975 804 4
492 570 11
354 465 1
70 303 5
480 318 13
991 705 2
387 436 3
703 900 10
153 457 9
343 166 8
816 958 4
985 886 2
947 996 4
748 755 5
370 467 4
755 700 12
864 749 8
348 194 2
208 28 3
18 370 12
709 755 9
901 737 13
538 436 2
413 12 7
964 850 3
417 587 3
773 797 3
750 699 9
955 690 6
585 86 13
372 77 14
680 941 3
589 116 7
851 715 2
478 449 1
895 696 5
802 797 12
633 602 5
883 829 7
807 715 7
183 225 8
182 445 1
248 363 2
982 807 7
765 824 13
727 718 3
953 848 14
208 144 12
459 49 12
757 983 11
825 980 13
934 924 5
64 535 11
589 647 12
670 955 4
876 679 3
182 96 5
800 932 5
93 444 11
464 552 6
863 860 11
816 791 8
958 774 14
725 909 14
172 45 12
683 783 4
787 886 3
736 683 8
407 123 6
738 802 13
430 287 11
856 810 12
826 765 4
675 821 8
548 353 2
709 791 3
187 339 5
258 585 11
896 950 1
736 685 1
941 823 11
411 410 7
310 232 4
809 835 11
170 5 11
351 567 4
978 959 14
740 961 8
848 854 4
996 919 8
268 183 14
410 275 3
968 710 10
435 300 9
381 151 5
10 502 4
798 919 11
924 987 9
687 832 6
731 828 12
162 234 6
578 643 3
885 954 1
928 767 13
7 469 9
524 478 7
899 939 14
859 860 11
780 877 5
461 81 6
369 594 8
783 724 1
845 937 9
468 57 6
58 416 3
684 890 11
74 251 13
549 126 4
4 587 3
2 59 3
284 109 1
129 250 10
650 86 14
846 770 9
935 993 6
478 124 11
29 197 9
155 427 9
44 112 7
176 114 7
70 397 8
558 208 9
559 187 13
679 904 11
469 88 8
956 760 2
546 275 7
509 430 13
245 155 12
249 330 9
779 762 4
977 809 10
617 561 1
826 709 10
926 691 13
248 371 3
787 792 9
260 363 8
524 293 9
825 874 7
16 129 14
361 428 1
222 244 4
699 751 13
428 59 14
736 883 14
776 846 12
752 785 11
713 850 3
846 672 11
738 968 2
125 280 5
928 702 5
234 176 3
812 933 5
697 706 4
313 479 9
86 362 9
815 675 8
534 216 3
823 838 8
753 996 5
838 921 6
235 477 2
750 802 11
739 956 3
658 118 7
793 704 1
290 518 9
999 750 1
48 583 6
742 1000 14
976 1000 4
16 520 7
9 620 11
49 562 12
215 549 13
714 715 5
733 790 12
821 788 11
746 987 12
995 727 14
445 666 6
964 774 9
572 54 13
916 722 7
260 668 3
794 794 2
199 474 7
8 304 9
391 214 10
903 743 6
987 904 10
740 868 11
320 383 4
783 985 13
890 893 11
569 323 3
241 210 12
29 283 1
446 405 6
227 183 4
987 801 2
682 913 11
197 314 11
494 212 3
870 697 7
673 870 4
811 686 10
698 793 2
987 916 5
848 752 5
906 738 7
701 751 12
808 840 8
25 131 13
819 958 9
370 210 11
900 772 13
664 64 4
103 554 9
616 85 6
933 866 5
840 895 10
180 662 8
939 839 7
595 112 8
215 163 14
834 773 13
734 772 13
268 156 11
94 454 5
48 459 7
215 355 14
959 771 10
963 707 3
723 968 8
399 493 4
777 748 13
887 810 1
793 895 1
420 470 7
795 954 9
971 747 6
712 703 10
68 540 10
557 222 8
488 302 4
581 1 4
721 809 13
727 930 6
924 742 9
143 631 12
111 96 12
432 42 1
299 462 5
999 774 14
348 165 4
986 935 13
402 173 4
846 711 9
905 963 1
544 583 10
122 23 8
802 940 13
18 434 4
864 864 9
937 899 5
825 882 1
68 74 5
325 351 11
402 174 7
48 48 7
6 521 11
93 315 9
701 945 3
897 806 10
864 741 1
203 2 8
73 421 8
467 75 12
316 476 14
691 965 8
134 562 8
942 699 10
698 730 10
584 26 6
796 818 10
838 768 12
316 72 2
208 221 9
98 536 14
961 745 3
985 865 10
653 3 11
764 832 7
296 27 13
73 93 8
434 624 9
760 867 12
773 770 5
890 881 10
165 131 8
394 470 3
690 804 11
866 898 4
770 713 3
959 719 3
498 273 7
737 744 12
906 848 5
290 491 2
608 338 12
54 61 13
453 609 8
912 723 2
27 592 7
567 609 8
211 119 9
478 426 12
59 614 13
832 824 5
691 864 5
297 575 7
897 815 10
879 726 11
756 796 12
678 842 2
978 796 13
932 767 10
458 605 3
833 781 6
773 802 12
605 520 4
20 102 9
361 92 13
990 706 14
792 712 5
1 57 4
272 44 4
299 183 4
964 741 3
950 844 3
658 32 5
874 931 5
427 93 7
75 77 2
791 718 10
704 750 3
744 764 5
237 527 14
542 510 2
577 59 14
826 929 6
1000 802 9
914 899 8
497 593 3
120 596 5
907 843 13
817 722 12
964 688 1
134 267 2
827 672 5
998 916 9
775 691 14
468 560 3
898 974 2
412 150 9
987 693 9
806 987 10
812 838 12
953 752 4
689 907 3
888 902 5
984 677 1
694 818 13
797 715 1
1000 775 8
506 649 4
809 897 10
542 656 4
177 448 8
844 677 2
476 638 11
620 306 4
181 326 8
654 658 9
732 696 3
310 149 11
107 333 4
579 205 13
696 680 3
74 373 8
991 991 5
825 674 6
217 660 8
353 326 10
687 812 5
141 547 12
633 336 10
421 596 4
194 479 4
816 764 1
969 753 7
682 908 10
40 642 9
668 325 2
931 905 7
553 91 7
735 774 10
391 156 10
819 943 1
768 758 12
899 725 4
116 659 11
809 1000 3
290 377 14
379 319 8
354 553 12
239 523 14
965 753 14
286 271 9
592 349 11
712 896 5
787 914 14
767 721 6
980 896 2
750 853 13
353 570 12
550 490 2
970 819 14
601 245 6
399 166 9
6 308 9
783 847 5
383 177 7
610 653 9
963 671 9
981 751 8
328 176 1
838 858 4
613 268 1
967 723 13
53 2 6
478 537 7
701 794 11
194 540 14
334 94 3
337 605 13
592 262 10
347 610 11
839 945 5
826 911 5
831 885 14
611 251 14
225 177 6
15 52 8
762 691 11
865 963 11
716 915 8
339 1 6
714 903 6
318 434 5
812 890 10
273 553 1
646 107 2
596 473 14
98 611 12
363 465 8
726 911 7
786 695 12
501 512 12
838 970 4
745 779 12
865 806 9
752 802 7
451 518 9
453 297 6
867 977 9
890 702 7
448 651 4
256 163 9
723 824 11
145 588 4
72 325 11
820 844 1
701 938 2
823 744 8
946 941 9
36 241 13
827 981 12
593 626 3
570 433 5
687 861 5
517 330 14
952 868 1
950 897 6
840 719 9
887 995 10
911 927 5
12 28 13
70 302 2
692 888 6
533 271 10
376 117 11
191 356 2
512 559 9
131 255 3
488 93 2
840 851 8
643 71 9
704 978 13
77 464 13
986 699 10
745 965 13
883 895 6
355 96 3
790 868 4
739 920 3
684 758 11
883 868 7
833 903 7
940 985 1
189 485 2
831 712 11
441 662 10
645 28 7
420 587 13
992 998 6
253 21 14
897 893 11
50 134 13
475 223 5
23 411 12
248 14 6
926 799 4
379 429 8
679 894 8
510 309 1
739 903 1
814 799 13
364 90 8
254 564 8
267 268 7
883 812 6
72 65 4
360 443 9
358 439 12
872 959 1
205 390 6
868 840 11
927 927 9
711 856 11
54 451 2
81 226 3
963 875 7
875 684 5
231 378 12
377 331 5
161 535 10
540 23 4
289 78 8
970 785 12
687 932 6
213 11 8
675 738 3
804 943 1
802 725 13
610 47 10
88 559 5
701 729 6
726 940 6
65 174 2
253 386 2
221 598 11
792 865 14
267 53 11
686 799 13
956 977 13
674 678 2
158 551 14
385 616 3
869 883 1
523 100 13
945 891 12
774 788 11
875 802 10
65 640 6
135 555 4
410 245 6
889 819 7
890 963 9
238 638 6
957 682 10
585 388 1
564 496 8
743 961 11
108 451 13
252 543 7
215 349 11
59 301 7
902 832 9
705 788 9
939 760 5
650 650 1
974 683 6
683 754 10
5 543 13
663 476 1
226 21 1
224 79 9
371 277 8
900 999 1
771 938 11
928 670 5
255 257 3
337 190 14
417 194 13
277 539 6
10 94 3
442 669 1
187 369 3
468 185 6
804 701 3
473 42 8
356 297 5
176 315 5
871 788 8
910 732 8
911 819 10
543 470 5
289 656 13
311 135 1
476 68 13
759 729 7
212 578 10
230 435 1
120 546 5
555 148 2
901 683 3
266 610 2
975 827 8
150 221 11
695 798 10
104 158 1
424 369 1
760 838 2
887 985 11
802 820 3
337 153 9
33 100 5
890 966 6
776 670 13
753 693 9
669 199 11
890 753 12
101 357 2
62 351 14
805 859 1
236 366 9
288 399 1
795 758 8
738 862 5
653 273 1
482 623 9
149 559 13
185 341 1
183 403 3
789 752 6
272 218 11
468 187 13
93 148 11
510 361 11
529 344 8
325 507 12
319 337 2
729 844 6
766 755 5
863 875 14
314 567 3
736 912 2
514 139 4
725 854 11
786 873 7
295 161 8
575 161 13
725 859 12
618 74 10
995 816 5
481 17 7
698 696 1
859 878 1
802 931 3
926 715 10
997 838 1
933 868 3
375 130 1
962 806 4
17 651 6
325 462 3
564 430 9
497 72 7
569 557 8
300 235 11
902 917 1
617 434 11
732 872 14
569 493 12
35 509 5
795 690 3
84 91 12
947 747 11
592 167 12
8 467 14
587 16 4
613 632 13
819 739 6
201 81 7
488 115 4
437 342 14
702 805 9
850 751 4
865 991 4
496 433 5
254 349 11
979 712 11
125 634 7
608 164 6
594 333 1
817 852 5
122 275 5
233 336 2
828 926 9
961 798 13
955 932 3
267 563 14
807 908 2
132 307 3
936 744 9
136 648 13
536 99 7
994 980 6
393 307 8
884 764 7
376 34 5
877 758 11
473 601 2
673 864 7
724 799 7
348 626 10
129 173 2
218 226 8
811 910 6
870 793 13
296 172 3
845 948 12
869 794 13
798 795 12
855 848 4
985 912 4
330 432 11
578 649 14
865 986 1
100 313 6
739 912 9
628 245 11
889 952 5
736 748 7
576 661 5
526 522 10
964 917 11
957 863 7
916 725 7
783 976 4
318 579 3
836 977 1
845 866 11
11 55 2
253 630 14
451 167 11
248 313 10
477 217 10
15 138 3
905 925 7
768 699 4
872 864 11
463 637 4
615 647 10
365 581 4
458 361 8
402 609 12
560 97 13
489 111 1
72 635 8
845 680 7
664 417 8
126 210 11
571 154 7
713 881 2
92 426 12
749 710 2
667 313 13
851 786 14
82 512 4
819 983 7
710 756 11
922 924 12
522 326 13
135 638 7
971 935 6
636 119 13
806 907 13
658 70 2
74 504 13
879 806 5
863 846 14
444 411 2
687 916 9
268 78 5
631 431 2
802 961 14
817 767 5
709 855 1
715 881 14
106 510 14
561 271 13
732 685 9
863 813 2
319 466 13
480 226 5
89 480 1
925 953 5
781 998 12
639 189 10
932 887 6
755 799 6
671 862 10
173 115 8
642 115 3
787 797 7
985 953 2
97 175 14
516 166 6
786 939 3
99 453 10
257 457 10
678 953 13
748 785 1
959 996 2
807 782 5
359 201 8
947 709 7
760 799 8
399 70 12
405 169 3
171 425 9
38 246 5
717 844 8
985 800 14
379 113 13
983 690 13
828 966 2
881 725 2
919 955 1
894 862 6
737 999 6
864 828 4
584 417 3
665 450 1
987 944 4
581 169 1
234 459 13
782 963 10
678 879 5
572 577 14
299 112 14
132 388 10
936 970 13
912 770 10
687 756 9
728 709 5
788 722 5
812 833 5
610 500 1
921 988 1
813 753 10
281 194 5
749 819 14
1000 730 11
645 490 6
830 802 7
804 920 8
859 729 10
111 616 13
770 868 2
764 680 5
929 711 5
465 259 14
285 226 2
883 896 4
898 723 3
953 856 9
193 338 14
996 917 4
443 662 11
865 779 7
430 137 9
768 826 8
597 568 4
908 988 12
919 885 11
729 836 1
66 510 13
905 887 14
967 987 9
458 612 13
832 889 14
404 12 11
623 138 10
901 781 6
734 841 2
452 603 10
809 858 1
784 825 2
595 539 8
873 881 8
677 689 1
966 927 2
169 335 2
748 949 13
681 680 6
74 507 11
446 158 12
565 444 11
834 783 14
875 984 6
538 191 1
718 955 2
250 360 10
69 37 10
568 600 7
264 4 12
245 449 1
978 916 8
74 261 11
989 954 1
655 13 9
356 261 1
87 192 4
909 708 9
657 158 9
949 716 9
274 348 11
158 148 12
518 573 7
894 782 2
156 611 5
884 744 7
820 832 14
826 778 12
422 228 1
804 744 11
615 585 14
666 172 9
191 663 7
399 204 13
231 41 8
254 534 11
881 888 12
661 494 5
569 597 1
912 852 12
272 376 1
610 53 5
910 694 11
809 884 3
357 554 8
110 4 14
444 346 8
756 957 1
992 866 5
973 766 12
100 5 10
823 686 7
540 312 2
876 689 5
112 202 1
310 312 5
535 85 5
774 771 8
788 762 7
984 732 5
874 682 12
752 833 11
987 922 12
597 656 1
923 970 9
50 441 5
25 602 2
446 203 11
990 864 4
206 139 5
832 805 9
979 905 14
182 154 5
171 203 12
470 50 12
184 74 4
513 193 3
552 670 1
135 3 11
562 79 4
887 931 6
211 113 9
205 582 5
925 858 14
416 559 7
802 910 6
711 800 14
684 745 4
808 902 4
731 861 3
892 747 13
876 856 14
949 713 6
800 968 4
621 323 5
468 534 8
793 896 9
375 479 6
242 108 6
463 632 12
93 290 1
334 577 5
695 819 5
732 948 2
41 607 13
5 86 5
371 275 5
117 332 13
113 255 10
175 48 3
936 796 6
160 473 12
629 172 5
717 745 14
809 701 11
956 939 2
636 267 13
849 786 14
638 177 6
316 351 13
785 977 2
236 35 6
885 728 1
291 496 6
146 426 1
684 865 4
886 818 4
834 997 11
961 979 2
672 808 1
513 71 14
700 985 5
286 91 13
91 209 4
856 826 10
380 379 4
800 873 2
525 357 14
646 51 7
684 951 2
738 982 13
576 375 1
849 755 14
583 409 10
606 537 13
935 916 3
882 713 7
823 944 6
742 882 9
437 499 11
457 340 14
736 889 3
560 241 8
50 505 1
784 742 4
955 674 13
268 171 11
919 706 1
832 778 9
267 124 3
345 580 3
513 54 1
67 614 13
843 735 6
758 849 7
777 804 2
709 969 3
683 887 5
931 716 3
729 950 11
270 121 9
729 811 1
927 987 8
590 319 2
125 221 3
670 692 4
943 732 12
97 242 5
928 730 5
338 47 12
328 169 4
19 69 13
357 340 1
882 709 3
719 707 4
690 980 13
661 106 4
782 704 9
981 960 4
154 80 9
826 769 12
994 735 3
816 957 7
537 161 9
691 884 12
940 902 10
917 860 8
35 354 1
690 950 6
721 903 2
835 895 1
739 710 7
955 835 1
228 469 8
449 23 9
8 32 6
795 677 9
480 487 1
6 13 14
634 67 7
809 709 2
737 777 7
993 939 13
920 776 6
275 649 14
763 678 3
751 851 6
685 700 6
307 484 13
435 175 9
474 17 7
217 188 1
550 498 8
330 591 12
791 784 4
818 878 3
851 957 10
352 527 10
466 516 8
646 280 6
653 435 8
657 333 13
872 873 6
438 224 4
776 792 3
995 938 10
889 786 6
966 694 5
243 500 10
822 691 8
297 140 12
109 126 10
913 804 11
875 903 1
34 454 5
10 499 12
317 339 3
911 850 4
820 920 11
664 244 9
890 757 14
218 331 4
51 121 10
96 55 13
817 811 2
418 450 14
507 448 11
630 134 13
469 386 5
137 61 5
980 761 14
685 827 14
986 674 13
757 836 2
759 983 12
767 906 13
372 169 10
92 480 14
737 965 9
727 929 14
931 920 11
480 523 1
934 991 2
573 307 7
685 845 10
920 946 5
916 940 3
96 83 3
728 731 5
131 5 11
144 91 13
164 253 14
241 257 14
838 837 4
333 115 5
174 539 4
772 685 9
1 350 4
824 728 13
795 915 10
436 375 1
55 297 12
202 484 13
780 856 3
813 768 10
788 868 1
703 814 4
451 664 1
81 348 10
32 29 7
679 864 1
935 672 3
351 402 8
818 702 5
694 843 3
670 961 1
123 560 6
145 22 9
458 102 3
752 962 14
948 969 11
849 902 10
847 693 4
777 839 7
446 152 7
77 601 6
243 53 5
746 750 9
616 18 13
317 186 8
741 906 2
961 752 1
851 930 14
994 704 12
168 419 7
854 698 7
830 879 2
800 955 5
124 286 9
431 329 12
415 636 3
918 749 12
432 254 3
695 905 5
693 758 10
877 916 6
241 583 6
139 388 11
675 927 13
507 200 1
802 810 13
426 30 13
50 143 13
635 426 5
967 991 4
172 298 3
861 774 9
867 790 1
640 93 14
717 746 3
677 877 11
174 633 14
802 866 12
807 683 5
714 981 14
709 788 10
281 625 13
901 845 10
322 669 6
908 911 2
715 918 4
649 373 4
999 914 9
946 718 10
863 762 14
769 801 6
643 295 12
743 977 12
735 919 3
851 824 14
713 869 13
506 223 8
785 859 5
989 805 3
576 591 10
736 762 7
172 76 6
357 126 10
570 258 14
810 946 8
717 987 4
873 765 13
810 881 11
298 666 4
236 253 8
494 228 8
995 852 8
378 437 3
700 998 4
493 447 13
699 851 12
809 723 9
778 861 5
936 849 9
663 124 4
849 937 3
600 76 13
360 135 7
597 527 3
727 936 11
561 347 1
858 772 6
681 880 13
711 813 1
285 65 14
899 886 13
993 776 1
596 633 4
736 931 1
863 986 3
792 785 7
902 973 11
602 664 3
557 628 3
949 956 6
878 853 13
344 497 10
866 781 11
774 847 3
830 709 1
821 831 7
774 730 7
827 792 5
72 243 9
833 820 8
273 404 12
939 767 11
122 157 7
287 392 12
841 894 1
136 358 10
986 817 3
755 972 4
836 730 10
519 82 4
989 837 8
121 272 11
667 394 12
836 953 10
348 418 10
438 235 9
852 960 8
816 712 3
88 393 4
370 593 14
966 799 9
359 466 4
490 462 10
856 833 7
115 467 8
477 587 4
174 634 11
788 979 5
207 133 8
799 737 7
724 700 14
38 530 6
678 794 1
583 455 4
971 756 12
49 58 11
226 583 5
778 913 9
527 488 1
362 349 3
472 616 4
689 999 13
506 96 6
228 360 1
70 466 3
60 197 8
979 804 6
539 200 3
741 740 12
181 452 5
961 981 2
495 156 5
437 661 9
864 693 7
483 322 2
925 753 10
563 248 11
753 692 4
957 837 8
45 655 11
95 161 10
672 697 4
640 653 14
172 465 14
932 912 8
829 836 6
342 444 13
803 800 4
82 214 10
982 714 2
78 35 7
534 514 14
991 721 4
729 786 14
403 540 7
688 874 9
650 255 2
865 866 5
951 677 5
246 667 4
620 74 7
892 726 7
310 280 13
435 651 5
389 383 12
895 906 8
729 768 6
482 139 14
736 920 1
824 836 3
612 182 10
907 947 14
601 290 9
736 880 14
753 988 13
974 880 14
926 940 10
368 165 10
537 71 1
32 296 9
270 589 4
930 854 3
616 55 7
742 680 9
630 135 14
935 736 8
391 485 9
807 730 11
838 954 14
902 938 11
739 868 10
856 817 3
695 887 12
407 225 14
258 642 1
146 44 3
69 372 11
693 893 14
349 51 9
166 154 4
830 979 1
972 832 5
378 547 4
822 933 10
599 222 1
935 739 2
585 470 1
817 971 7
544 338 9
975 698 7
519 120 5
587 232 9
704 884 8
774 706 3
677 715 7
420 143 12
936 825 1
915 972 9
591 453 11
586 458 3
417 658 4
882 680 11
344 409 4
920 817 12
966 824 6
721 833 6
877 768 13
648 283 7
386 199 14
874 910 7
384 503 11
338 529 14
583 567 1
216 265 5
471 513 14
704 734 14
733 713 10
735 764 8
773 713 12
823 915 5
702 900 12
499 397 6
161 661 4
567 207 6
417 7 11
448 557 5
547 571 12
656 312 3
847 909 11
934 732 4
228 404 1
709 681 7
745 861 8
972 946 9
516 515 10
512 391 10
150 58 9
846 938 14
963 871 3
568 4 10
921 835 6
226 563 14
501 199 8
867 678 2
974 796 4
823 894 1
657 110 13
694 699 1
976 691 6
231 531 9
331 439 6
504 364 14
10 194 3
972 878 8
658 181 5
779 671 1
45 463 9
59 404 1
200 130 13
26 42 8
801 860 6
589 250 13
882 831 10
684 932 7
614 636 3
758 916 12
974 822 8
891 963 7
443 327 3
699 828 13
844 957 10
902 717 4
73 478 11
920 941 13
562 195 4
544 375 9
669 230 10
528 548 11
769 982 9
813 678 10
27 361 4
32 89 14
286 513 10
970 975 10
705 690 3
812 867 12
830 977 5
671 847 7
325 115 9
264 376 14
57 402 1
249 116 1
441 83 3
965 815 14
920 849 8
535 239 7
877 819 3
495 340 3
468 347 1
442 292 2
908 832 9
965 692 11
237 48 2
648 522 12
651 576 10
983 935 8
701 812 12
929 912 13
744 942 14
199 158 2
226 178 3
693 875 6
316 53 7
994 982 10
891 683 5
88 48 14
801 996 13
94 637 4
85 517 9
758 747 11
50 121 13
743 873 6
987 955 12
753 946 8
348 610 1
490 28 8
873 901 9
701 847 4
801 946 6
750 703 11
51 117 9
457 546 11
707 856 5
510 272 12
274 301 3
953 670 10
547 109 14
801 704 6
588 108 2
948 946 8
909 781 8
566 594 7
532 115 3
917 812 10
396 615 14
810 973 11
706 780 7
193 155 14
795 745 14
496 324 6
689 928 11
733 999 7
378 116 6
372 116 7
678 911 8
890 718 7
976 755 4
960 864 8
160 279 14
610 104 10
852 850 11
144 603 7
334 662 9
320 363 5
945 671 7
896 892 4
546 323 3
849 824 1
787 801 14
800 908 14
143 181 10
790 792 14
745 825 14
250 308 6
784 851 10
654 34 8
638 579 9
46 455 5
91 136 7
989 987 4
941 816 7
225 637 11
212 560 1
694 888 3
214 511 5
594 494 4
962 711 5
951 769 3
36 335 11
123 52 100
676 796 11
398 660 14
826 834 7
616 422 10
919 677 9
154 391 7
553 642 13
875 955 5
44 94 9
143 216 7
886 761 900
755 917 13
716 895 6
934 812 4
798 684 8
947 717 10
339 311 2
89 36 13
660 190 9
950 830 4
898 913 7
680 959 3
395 511 5
344 265 11
358 108 6
56 196 10
199 50 3
580 28 14
921 925 7
675 935 7
983 672 11
774 805 8
907 720 3
757 862 4
657 296 12
13 494 5
792 826 4
325 323 2
914 822 8
801 825 8
976 807 7
280 361 13
792 814 13
283 37 5
117 23 7
868 674 8
579 286 8
880 731 11
787 973 5
947 772 10
274 20 9
641 652 12
711 908 12
992 741 6
799 916 5
595 70 1
920 792 2
794 907 7
72 121 9
672 893 9
67 220 3
644 479 12
269 42 8
269 544 4
909 937 13
339 579 5
939 978 3
792 797 2
628 589 2
345 436 10
395 503 2
972 916 1
760 774 2
305 59 13
677 891 10
285 63 4
121 58 5
40 670 1
998 754 3
756 859 10
642 59 10
353 85 12
224 243 13
136 229 2
591 489 13
525 456 5
768 878 4
385 297 5
948 674 2
731 758 10
960 961 12
849 689 10
987 992 2
896 742 4
536 506 13
433 360 3
964 899 6
90 441 8
865 803 3
902 864 13
167 444 1
795 670 10
872 985 7
145 449 2
461 666 4
882 897 14
743 860 3
813 771 3
889 964 5
967 863 8
470 52 10
929 780 14
535 37 2
875 761 6
357 601 10
106 127 11
581 534 8
508 74 9
768 818 3
768 951 3
13 368 9
738 947 4
870 821 1
270 384 4
883 773 3
785 903 6
876 853 5
736 811 8
321 528 7
902 674 10
903 923 10
302 366 4
770 856 12
665 503 8
1000 947 2
801 729 3
658 503 14
116 505 1
698 787 4
897 687 7
991 800 4
499 301 6
894 745 2
732 874 1
637 137 3
93 124 9
527 592 10
500 662 2
720 998 9
943 967 10
821 956 2
885 781 14
680 674 7
752 736 3
205 196 3
177 288 12
953 776 5
668 567 12
763 767 3
388 398 7
776 802 8
157 446 3
428 153 6
234 357 5
955 717 5
723 673 8
662 230 8
352 43 9
22 430 2
674 757 5
533 197 14
767 984 9
879 721 6
393 432 8
310 390 5
997 859 14
693 932 12
872 688 14
820 759 5
148 352 7
470 215 4
567 271 3
499 398 11
975 969 1
335 112 6
719 713 7
949 734 13
889 753 6
262 613 7
25 412 5
335 661 2
281 171 14
130 639 12
808 876 10
549 442 11
933 958 3
925 847 13
678 827 10
900 737 5
696 888 13
936 673 9
811 753 4
732 935 7
693 742 5
482 200 5
675 697 11
717 951 5
852 959 13
665 2 11
452 444 5
823 818 8
791 957 13
630 553 8
472 296 3
776 762 13
383 250 11
270 130 12
969 747 6
643 258 1
1000 811 2
233 398 2
6 3 9
698 704 6
201 587 5
465 651 9
345 399 14
471 53 10
956 883 3
321 370 11
835 845 4
769 825 12
152 389 9
799 691 11
948 703 3
903 831 4
533 662 4
864 848 3
872 803 7
688 717 3
414 369 8
631 623 14
694 721 12
681 850 4
598 173 6
849 697 7
470 240 8
117 620 13
487 401 1
6 317 9
564 60 6
976 786 2
680 809 6
897 818 14
804 952 5
742 800 3
841 901 1
85 299 9
7 467 1
125 472 13
124 366 9
942 745 9
961 755 3
699 980 9
945 783 9
105 563 10
721 696 14
986 670 14
983 959 14
299 131 1
792 928 7
309 426 12
754 828 7
401 561 7
923 799 9
582 293 8
91 262 10
911 817 2
983 799 14
679 710 2
713 831 10
850 876 13
525 501 8
688 885 9
961 807 3
627 609 2
177 30 14
313 163 12
783 832 8
673 841 8
406 10 13
762 732 6
649 666 11
397 646 10
895 776 11
852 694 10
29 102 1
908 986 14
654 365 6
743 906 2
457 361 2
633 164 9
639 495 13
184 553 8
765 916 10
815 887 1
157 371 14
773 762 13
673 835 10
784 839 10
68 43 12
914 882 5
674 758 7
859 743 4
816 839 4
123 614 7
982 693 7
822 796 13
979 798 4
711 912 10
568 211 4
379 33 10
928 782 3
743 969 7
954 785 8
747 911 9
575 73 14
891 713 9
393 549 10
847 731 3
565 377 2
63 437 3
594 133 1
887 773 11
802 724 10
92 21 10
949 890 12
65 566 12
273 641 11
261 409 12
843 815 4
959 767 12
149 641 10
510 356 2
475 646 9
910 709 14
904 988 6
789 689 12
715 935 12
991 858 2
994 700 3
825 987 3
758 834 9
720 687 2
366 206 11
905 750 9
823 984 10
875 813 7
683 803 6
663 627 6
30 311 14
705 705 7
961 753 9
610 204 9
677 772 1
816 925 9
939 882 5
751 757 3
38 576 8
758 991 14
1000 938 1
781 897 7
65 215 12
876 810 12
921 956 10
948 893 1
743 972 14
660 30 10
498 182 10
327 277 11
289 491 7
855 950 12
466 503 6
459 192 7
728 764 4
39 432 14
564 103 7
668 600 8
700 873 5
740 800 11
675 985 13
742 963 11
338 553 7
776 864 5
222 465 7
848 763 10
607 397 14
357 394 12
640 106 9
211 276 9
590 509 10
726 865 6
400 319 8
965 798 14
857 976 2
325 373 14
586 411 8
106 62 8
819 847 9
622 543 9
654 89 11
103 322 6
139 403 1
516 525 12
832 713 13
56 346 7
491 261 3
716 899 12
594 633 13
496 584 3
588 567 6
956 848 5
501 172 1
641 17 8
651 68 1
747 799 1
566 274 12
725 706 2
984 814 2
617 291 9
198 651 14
452 163 14
961 955 3
631 465 3
760 958 2
96 228 7
958 796 2
507 3 3
28 491 10
907 723 7
518 669 8
585 451 11
152 219 13
88 531 11
705 678 1
973 744 11
4 408 10
898 777 9
922 691 4
308 119 12
803 707 12
693 873 2
834 866 6
208 245 7
177 144 7
679 785 8
23 561 10
26 559 6
693 684 13
917 818 3
994 839 1
977 786 7
354 12 11
574 188 14
988 857 10
56 265 12
102 291 3
101 492 2
843 813 11
18 439 6
840 833 7
747 807 8
848 978 6
186 419 14
723 674 2
302 91 12
340 192 2
584 644 2
35 225 10
272 594 7
169 325 8
798 815 6
265 162 9
995 842 10
56 216 9
942 933 5
870 969 12
55 451 12
703 836 10
876 827 7
856 743 13
996 871 8
265 566 6
352 193 6
745 967 9
382 419 1
902 835 2
221 642 6
703 742 5
996 927 8
109 555 7
700 723 6
599 352 6
244 338 2
88 50 8
470 29 10
936 782 6
643 652 7
865 808 12
981 831 8
965 696 1
942 724 11
904 758 8
454 511 1
841 773 5
371 431 9
898 917 1
316 398 7
926 935 8
733 913 1
708 816 10
101 565 11
659 31 12
215 75 14
523 445 11
106 306 6
693 919 1
422 372 9
187 58 5
21 404 6
941 974 7
821 886 3
802 793 7
764 837 14
976 797 12
924 818 9
806 709 8
588 444 3
927 925 1
8 256 7
933 944 9
302 348 11
379 221 5
230 502 2
845 960 6
571 331 10
386 140 6
725 943 2
498 372 6
56 379 10
865 869 9
696 932 2
442 402 11
302 313 3
491 66 13
714 753 10
992 1000 8
351 288 3
205 115 12
777 692 13
973 887 12
607 77 5
793 894 6
203 551 6
958 849 11
900 838 14
583 377 7
757 723 11
853 829 2
886 799 3
208 625 13
947 909 5
120 556 9
881 926 11
756 882 12
511 404 7
249 669 7
626 354 1
699 905 11
121 146 13
998 905 8
836 849 14
490 277 13
697 728 13
53 172 3
900 856 6
758 857 8
760 863 11
582 25 4
692 961 1
700 958 4
346 55 6
944 801 12
717 675 4
129 107 13
793 991 4
655 74 11
441 337 8
979 911 12
780 939 12
602 492 10
555 359 6
755 918 5
96 413 4
799 990 4
912 781 9
198 441 5
233 564 4
644 620 4
563 85 12
736 821 3
523 604 4
680 928 5
381 176 10
280 424 8
285 165 14
385 362 10
734 757 14
82 249 7
671 947 4
697 680 4
372 33 2
815 842 8
942 840 13
698 833 5
79 584 8
434 650 11
777 886 12
848 797 2
277 469 10
59 170 11
126 490 2
591 358 12
596 572 8
755 967 8
594 96 7
699 702 14
945 880 7
268 433 3
263 391 10
784 738 6
643 256 12
489 528 9
920 879 6
966 964 9
730 833 12
87 302 5
341 381 2
642 643 6
71 409 11
21 63 9
752 712 14
271 269 2
978 925 1
25 147 6
163 586 1
724 733 12
646 654 14
100 625 9
958 791 5
880 694 5
215 540 11
653 492 13
860 847 11
279 179 11
926 919 14
530 658 11
674 708 13
30 414 11
791 764 12
819 972 4
365 238 11
663 221 7
959 950 12
291 419 8
168 161 8
752 911 1
451 461 12
765 694 14
650 115 9
673 961 7
648 107 8
62 99 3
638 341 12
28 631 8
618 480 1
209 473 13
734 916 8
55 135 14
468 250 1
553 227 10
557 641 120
906 739 130
979 779 8
975 670 70
257 155 40
264 646 7
61 42 11
29 448 13
464 246 60
870 812 3000
605 48 6
350 192 5
808 801 2
758 773 4
16 270 10
24 215 6
966 719 12
62 303 8
293 96 11
883 914 9
524 34 10
877 834 8
223 499 6
119 5 13
879 994 1
870 959 2
750 790 8
867 696 5
622 369 7
924 673 9
734 719 9
673 712 6
574 165 9
91 39 10
788 727 13
947 806 8
521 564 9
288 242 1
989 874 13
779 796 7
731 860 14
257 537 6
393 310 6
238 483 9
824 975 5
67 512 6
830 951 5
270 316 8
824 715 5
329 383 12
999 758 3
427 445 5
302 86 7
573 546 5
684 791 6
8 381 1
73 332 8
709 701 14
166 176 7
581 530 2
290 639 9
217 313 7
135 296 14
834 791 1
257 64 8
171 72 5
248 496 5
58 36 6
865 774 9
585 269 4
63 167 12
996 739 9
141 166 11
450 104 10
742 956 1
410 203 8
862 866 13
584 472 6
473 386 5
647 449 10
908 891 10
817 735 13
319 461 12
744 896 11
854 758 14
92 280 3
334 546 13
556 348 10
749 983 1
824 891 11
367 478 3
184 126 10
103 533 1
330 113 7
408 667 8
739 852 6
815 903 10
525 341 13
426 126 2
895 927 4
494 5 9
857 943 7
361 119 1
659 208 10
844 875 1
494 294 7
31 209 1
595 316 7
685 892 14
209 627 5
789 722 12
447 641 1
115 312 9
132 324 2
945 707 3
157 144 2
779 981 10
703 916 4
919 929 11
177 311 7
152 213 6
817 836 9
736 988 5
660 586 2
949 724 4
793 718 13
624 442 11
698 859 4
425 596 4
497 429 7
532 378 6
538 243 6
692 821 4
506 607 13
477 466 3
999 904 3
561 392 13
856 971 11
479 454 1
871 950 9
749 807 14
418 361 6
817 821 11
813 899 1
635 175 8
785 700 3
391 375 12
459 535 9
922 921 14
743 998 5
675 785 3
781 931 7
705 884 2
392 589 5
443 554 1
276 624 13
847 897 3
436 485 4
508 301 2
735 950 4
769 955 14
932 733 6
914 768 13
42 363 11
516 487 12
731 893 5
926 739 7
36 357 5
34 194 13
252 416 9
359 496 7
713 887 3
185 295 4
169 18 13
72 533 10
209 39 2
771 967 8
99 327 10
381 42 11
713 937 3
460 334 7
886 866 6
848 998 10
548 188 6
785 861 4
645 468 4
198 449 8
954 727 7
263 585 12
785 804 10
363 28 10
147 303 4
873 768 10
814 883 5
410 545 3
956 944 10
849 809 3
159 366 13
504 431 2
770 791 6
703 994 9
299 597 4
606 625 2
871 898 11
913 854 2
455 564 5
881 864 1
896 951 13
713 779 6
423 148 5
904 911 11
448 25 4
705 925 10
703 793 14
252 25 4
33 480 9
586 349 10
783 819 2
561 557 12
724 737 12
243 512 10
637 641 8
288 47 3
797 752 10
390 415 4
941 712 1
727 824 6
520 419 2
962 907 11
681 773 3
967 775 9
896 716 1
747 803 14
2 191 13
102 262 5
45 18 10
758 940 9
884 727 11
869 688 12
415 577 6
38 447 14
959 888 11
645 291 5
789 683 3
983 745 9
179 472 11
806 944 13
892 827 14
456 341 12
512 85 9
12 475 4
230 458 5
464 114 1
323 211 6
372 141 1
905 822 8
374 122 10
795 847 3
276 496 10
302 19 13
770 963 8
778 963 8
49 405 12
862 714 4
732 856 14
591 155 12
803 971 11
585 487 4
323 444 7
84 75 7
281 660 8
282 284 10
869 824 3
957 683 5
681 745 4
471 491 12
837 883 5
530 253 11
660 258 2
863 877 5
837 758 14
643 17 12
38 55 5
934 873 6
778 885 12
132 337 13
258 327 4
797 757 1
768 690 1
91 577 9
33 614 2
729 887 10
958 996 7
222 97 6
794 982 3
156 486 2
524 325 4
875 973 13
968 739 6
772 827 13
813 727 8
291 537 7
824 742 1
814 676 14
854 800 9
889 868 3
62 593 6
517 518 10
244 464 12
575 378 11
142 277 7
925 864 7
729 686 5
859 828 12
650 549 12
227 460 13
323 521 4
73 368 11
776 956 11
144 516 5
47 339 10
370 25 5
754 982 5
975 840 10
387 354 14
892 704 14
300 585 14
736 963 9
360 298 2
282 442 6
894 897 12
523 221 12
42 461 4
411 187 6
808 757 5
292 229 2
473 210 5
504 121 13
232 162 5
252 126 10
949 764 7
322 593 10
584 634 14
855 888 12
362 282 11
16 84 3
924 698 8
883 802 13
906 997 8
90 199 1
620 202 5
904 683 10
570 35 9
627 334 10
269 25 7
996 693 2
688 947 3
863 827 8
819 730 13
61 89 10
651 38 9
753 709 10
869 930 4
49 544 12
914 749 14
742 766 11
669 465 5
348 5 8
894 748 10
452 397 2
717 723 3
282 521 7
306 365 13
662 95 1
678 708 3
965 781 2
305 105 10
337 134 6
16 275 3
136 56 14
612 30 3
518 311 12
38 616 8
184 290 12
204 344 12
269 184 12
631 170 7
469 506 8
916 769 7
873 908 7
235 632 3
777 932 7
677 784 8
889 860 5
221 266 3
940 694 12
415 528 7
949 990 9
102 318 5
719 773 7
1000 901 11
208 288 6
486 179 2
943 795 2
730 732 14
537 611 10
120 467 12
888 853 8
899 902 6
493 124 4
129 331 3
803 821 1
588 570 8
643 518 3
808 947 9
840 732 3
823 705 5
795 923 11
999 821 9
202 564 13
852 973 3
736 775 9
200 188 10
454 197 8
988 916 4
270 93 9
455 549 4
790 860 10
573 618 6
378 296 4
766 753 9
682 713 11
875 798 5
503 476 7
971 790 13
722 912 13
163 664 7
470 566 8
670 273 14
671 926 7
898 939 2
554 395 5
168 579 9
649 522 14
919 781 8
577 66 7
842 821 5
133 380 13
772 758 7
784 987 5
839 916 8
692 820 4
674 773 10
287 412 9
633 670 7
400 498 14
160 630 14
912 901 1
912 670 9
701 952 7
793 976 13
285 592 5
870 866 13
71 636 9
508 610 7
5 33 6
487 554 12
114 117 4
77 137 4
576 522 3
250 136 12
716 984 11
933 727 13
46 292 10
268 481 14
698 812 12
167 654 6
775 673 6
820 776 10
837 676 7
828 803 8
155 377 5
332 511 11
691 736 5
105 154 6
662 34 11
912 815 12
454 314 6
758 737 1
742 903 4
898 728 11
836 954 4
127 342 5
550 497 11
276 601 2
538 572 1
884 737 1
41 92 2
935 898 12
687 793 5
275 618 3
477 74 14
706 980 11
563 426 4
41 293 5
412 591 14
978 714 14
307 116 8
583 72 5
906 920 13
870 719 7
970 755 2
751 803 14
312 493 8
553 562 9
981 861 14
897 836 13
708 985 13
184 122 2
170 638 14
229 442 3
849 777 4
877 858 14
701 720 8
900 938 8
459 70 11
612 281 8
80 109 4
304 495 12
723 812 3
469 327 11
322 521 8
804 896 7
946 795 5
488 154 14
740 743 14
718 997 6
996 717 1
30 478 3
416 481 8
484 120 6
751 769 14
782 682 2
548 612 5
753 850 10
837 898 12
324 505 14
316 534 4
732 911 9
484 444 12
911 758 4
834 818 8
332 566 4
858 884 5
497 285 1
340 600 13
912 715 11
471 376 7
764 997 7
866 907 8
420 12 9
846 993 12
22 18 12
780 793 1
753 872 1
544 524 3
320 6 12
222 442 1
439 375 4
826 806 4
301 665 4
711 820 6
192 539 10
402 597 8
222 153 13
861 942 3
746 899 5
643 144 5
516 2 2
212 303 14
271 320 6
355 268 11
679 765 6
81 225 6
560 446 1
255 380 2
274 84 13
416 409 6
760 757 5
913 687 14
332 102 3
273 557 5
859 851 3
980 816 5
412 463 4
488 418 11
985 762 3
918 852 6
918 764 2
378 10 9
845 787 3
820 895 2
888 754 4
911 731 4
722 895 11
846 854 3
515 58 13
885 751 3
569 400 12
535 107 12
790 944 4
503 624 7
900 887 2
234 651 1
894 808 8
100 257 4
707 855 13
267 372 14
622 302 7
697 1000 9
931 809 2
916 708 2
14 331 5
628 246 3
690 900 1
974 939 6
680 976 5
95 315 2
848 789 10
23 596 8
516 257 7
645 649 14
929 951 9
897 850 14
979 868 14
3 564 10
779 850 6
98 281 6
435 318 2
85 340 11
962 744 3
939 972 8
528 34 7
993 771 11
372 199 8
773 746 9
771 952 5
872 901 3
550 663 7
791 984 14
897 923 14
9 374 6
374 524 3
348 485 6
743 951 3
196 45 11
594 276 9
343 247 12
311 600 3
797 914 14
552 330 13
931 886 11
658 482 6
178 159 11
27 626 6
855 687 13
977 839 6
50 562 9
884 673 4
810 934 5
569 459 8
736 782 130
419 45 11
989 900 13
840 687 120
220 492 11
883 776 4
874 915 9
410 572 5
121 669 6
842 959 200
485 174 7
694 987 12
543 121 13
955 874 4
853 716 110
524 431 12
141 305 2
756 879 2
877 739 3
777 909 50
550 639 8
978 689 14
773 816 20
916 768 5
416 397 900
112 602 2
694 953 4
676 708 3
263 438 2
258 99 300
895 745 70
841 846 5
944 761 7
224 559 600
185 670 8
610 522 80
958 731 5
911 698 50
368 318 3
860 932 1
781 824 11
721 994 14
806 937 12
268 477 6
787 785 4
574 282 4
800 953 7
818 864 11
748 793 12
630 547 8
521 452 6
864 811 1
829 947 5
42 201 5
75 497 14
857 866 10
377 369 9
93 669 5
186 80 1
971 912 11
873 985 3
480 138 7
423 76 7
791 908 1
739 764 2
325 350 11
903 860 10
989 857 1
412 270 3
722 695 7
114 138 4
758 929 10
793 887 6
181 258 13
504 548 2
850 986 11
159 197 3
752 837 1
626 328 5
450 441 1
966 976 9
406 635 3
511 497 12
873 959 11
323 249 9
582 624 6
294 464 3
668 166 11
640 474 9
799 946 2
389 664 2
779 841 11
782 954 8
791 825 7
314 283 13
855 894 2
33 255 4
297 577 14
776 915 12
837 905 9
202 404 8
676 793 8
994 914 3
312 248 8
816 673 12
785 976 9
812 905 1
781 678 1
694 845 6
850 715 13
56 460 13
108 9 12
526 320 11
870 798 9
795 942 8
945 726 13
991 869 6
225 118 6
618 26 4
883 850 5
641 358 4
74 465 8
2 3 8
529 648 9
781 695 4
739 969 4
101 159 14
687 680 2
487 599 7
205 570 14
31 325 10
218 326 13
54 536 6
771 696 8
973 763 10
452 633 7
30 469 4
395 252 7
467 420 12
846 751 5
234 337 12
442 236 5
744 835 11
522 229 7
109 348 10
27 159 4
306 235 2
244 31 7
740 685 1
387 241 11
925 836 5
514 108 11
15 569 7
13 63 14
988 894 3
979 865 11
919 939 6
842 679 11
807 829 1
768 751 9
892 850 7
949 818 13
910 747 12
670 734 7
100 317 4
567 478 8
77 114 1
458 201 11
319 89 12
680 877 6
426 645 12
221 172 11
584 316 14
22 182 6
218 634 11
525 530 13
698 771 14
583 75 7
361 569 6
183 472 8
840 780 11
453 406 2
911 994 9
667 322 1
63 234 12
330 656 5
915 684 7
63 98 14
793 836 9
313 148 4
185 600 7
591 530 10
862 889 5
201 251 11
822 926 1
319 325 10
755 735 3
876 871 13
206 520 8
430 514 2
781 948 6
929 682 12
374 273 4
546 473 8
369 519 11
738 937 5
871 894 10
190 537 1
755 864 6
916 790 14
157 444 8
571 1 8
566 369 3
237 157 2
550 656 4
742 853 6
312 170 2
612 549 4
85 277 4
609 625 2
445 111 6
837 768 4
933 811 1
674 742 4
684 710 12
712 781 14
964 822 14
219 554 9
231 320 5
238 610 11
314 66 10
164 300 8
744 767 10
583 62 12
320 309 13
43 40 8
923 788 14
684 694 5
38 354 6
99 273 11
920 920 12
677 829 6
55 92 1
481 356 5
914 759 6
899 963 1
247 115 2
788 718 10
189 603 12
803 814 2
564 336 12
905 859 2
537 640 2
717 686 14
224 585 10
687 734 10
967 976 2
681 776 14
976 801 8
768 881 1
469 646 11
360 167 10
778 798 6
620 319 5
458 542 14
411 543 4
963 844 10
655 538 8
683 830 14
344 498 7
957 787 4
834 893 12
636 426 10
121 214 14
789 872 8
806 833 2
162 522 6
890 762 1
784 688 6
459 259 13
484 561 6
934 984 9
887 807 5
683 972 4
299 314 12
870 895 9
657 85 6
211 263 7
854 689 11
503 175 6
667 658 3
30 663 8
872 855 13
197 139 14
935 673 6
272 478 6
825 753 10
735 906 13
565 633 1
229 414 10
204 652 12
392 475 49
680 929 29
189 160 83
42 80 1
873 710 83
307 151 12
953 983 20
22 583 131
112
875 736
564 157
870 877
750 943
121 210
456 597
458 419
942 535
112 398
503 78
757 175
984 225
548 376
898 821
881 867
184 567
995 873
573 701
440 430
979 200
222 914
633 330
171 473
579 738
256 940
297 526
418 696
678 235
100 320
477 156
249 356
160 88
527 570
889 863
397 618
974 830
290 686
176 812
113 276
880 756
371 991
560 55
428 458
396 325
5 97
12 723
862 541
594 493
835 336
865 833
913 265
360 586
916 700
396 804
407 676
856 25
533 328
837 671
206 970
473 605
866 602
692 878
283 409
930 400
385 306
406 280
778 889
588 698
157 865
727 502
158 8
930 171
83 867
802 386
207 696
209 283
230 51
573 759
871 611
424 45
378 840
956 978
187 779
410 856
432 328
744 323
221 842
512 535
801 621
390 87
607 652
124 126
796 614
653 472
7 750
731 791
452 616
414 750
802 487
893 792
741 98
109 407
333 810
612 24
982 226
850 928
829 114
887 723
814 350
813 177
167 142
972 818
